117267
20169
-183239
-145641
-202707
47662
205492
-73518
205760
-157122
-159038
49678
-214118
-74052
-78042
-10229
86400
-184430
-135853
177127
183428
185888
-126170
-68300
54327
-57981
147782
96869
105442
187490
-109337
-182607
17019
-171722
-54345
-121586
142106
51008
-162872
113212
40818
174919
129122
-19328
175839
186365
43931
93319
26107
-29434
-72262
59052
-91744
-72386
-106640
14549
75460
-202804
58588
8300
58169
-141941
171613
33447
-150364
79288
125708
52044
191172
-194263
-109424
-127623
164386
198531
-90425
-108447
-122525
28369
-160858
7426
73832
24117
2125
-181011
-152625
98312
-173717
104651
-195607
191358
3009
-164326
-53296
-19137
202441
-106049
151861
-11605
151969
-184314
128789
-28523
168819
-141140
193670
-165245
-80345
138432
-180191
154179
-91424
-194572
32561
-149456
-188211
6331
133316
-26573
140856
-22696
32729
178786
208430
